"sig.enrich.motifs"	"final.p.values"	"final.q.values"	"final.enrichments"
"G.box"	0.000549058433296178	0.0225613101681702	3.07749667110519
"BZR2"	0.000240736402946084	0.0202511427461321	5.47677725118483
"BZR1_1"	7.24710751428376e-05	0.0163784629822813	6.77109375
"ABI5"	2.02753137478968e-05	0.00916444181404935	4.76045314109166
"ABF2"	0.000853309934894767	0.025713072704829	4.36075471698113
"BEE2"	0.000623555426461136	0.0234872543967028	3.02513089005236
"BIM2"	0.000540971915934835	0.0225613101681702	3.08365577051368
"BIM3"	0.000429087825163311	0.0215497441082018	3.181280110117
"bZIP68_2"	0.00024075153887641	0.0202511427461321	2.82159522517634
"HY5"	0.000358427305241276	0.0202511427461321	10.5054545454545
"PIF4"	0.000313335737612989	0.0202511427461321	4.08958543983822
"MYC3"	0.00035776750688321	0.0202511427461321	3.25980253878702
"MYC4"	0.000853309934894767	0.025713072704829	4.36075471698113
"TGA1"	0.0002605738255882	0.0202511427461321	5.4
"TGA5"	0.000765871387939715	0.025713072704829	3.56038732394366
"UNE10"	0.00116946228651507	0.0330373095940507	3.33163097199341
