NA	NA	16992	NA	4894	0	15148926	6721	0	0	0	0	0	0	0	0
NA	NA	12276	NA	9661	0	15143771	11876	0	0	0	0	0	0	0	0
NA	NA	20448	NA	1315	0	15152561	3086	0	0	0	0	0	0	0	0
NA	NA	14847	NA	4374	0	15146321	9326	0	0	0	0	0	0	0	0
NA	NA	20117	NA	1478	0	15151819	3828	0	0	0	0	0	0	0	0
NA	NA	15306	NA	7966	0	15145044	10603	0	0	0	0	0	0	0	0
NA	NA	17734	NA	5362	0	15149883	5764	0	0	0	0	0	0	0	0
NA	NA	19337	NA	5767	0	15151554	4093	0	0	0	0	0	0	0	0
NA	NA	19274	NA	1576	0	15150440	5207	0	0	0	0	0	0	0	0
NA	NA	17520	NA	9163	0	15150115	5532	0	0	0	0	0	0	0	0
NA	NA	14205	NA	4914	0	15145330	10317	0	0	0	0	0	0	0	0
NA	NA	18958	NA	3372	0	15149119	6528	0	0	0	0	0	0	0	0
NA	NA	19764	NA	1761	0	15152118	3529	0	0	0	0	0	0	0	0
NA	NA	16328	NA	4409	0	15147102	8545	0	0	0	0	0	0	0	0
NA	NA	18613	NA	5532	0	15149182	6465	0	0	0	0	0	0	0	0
NA	NA	11314	NA	8634	0	15141835	13812	0	0	0	0	0	0	0	0
NA	NA	17943	NA	4751	0	15147721	7926	0	0	0	0	0	0	0	0
NA	NA	18749	NA	4289	0	15149858	5789	0	0	0	0	0	0	0	0
NA	NA	21485	NA	1048	0	15154086	1561	0	0	0	0	0	0	0	0
NA	NA	18071	NA	3000	0	15147491	8156	0	0	0	0	0	0	0	0
NA	NA	17212	NA	5405	0	15149002	6645	0	0	0	0	0	0	0	0
NA	NA	21330	NA	848	0	15151236	4411	0	0	0	0	0	0	0	0
NA	NA	16702	NA	2970	0	15148621	7026	0	0	0	0	0	0	0	0
NA	NA	20582	NA	1951	0	15151260	4387	0	0	0	0	0	0	0	0
NA	NA	21036	NA	3468	0	15151735	3912	0	0	0	0	0	0	0	0
NA	NA	13745	NA	7379	0	15143637	12010	0	0	0	0	0	0	0	0
NA	NA	15620	NA	8451	0	15147388	8259	0	0	0	0	0	0	0	0
NA	NA	17800	NA	1831	0	15149442	6205	0	0	0	0	0	0	0	0
NA	NA	9845	NA	10207	0	15140350	15297	0	0	0	0	0	0	0	0
NA	NA	16264	NA	5126	0	15148324	7323	0	0	0	0	0	0	0	0
NA	NA	21217	NA	1526	0	15150152	5495	0	0	0	0	0	0	0	0
NA	NA	22958	NA	118	0	15153502	2145	0	0	0	0	0	0	0	0
NA	NA	24247	NA	729	0	15154153	1494	0	0	0	0	0	0	0	0
NA	NA	15751	NA	3147	0	15147819	7828	0	0	0	0	0	0	0	0
NA	NA	12936	NA	8616	0	15143298	12349	0	0	0	0	0	0	0	0
NA	NA	16317	NA	3611	0	15146807	8840	0	0	0	0	0	0	0	0
NA	NA	17263	NA	2983	0	15149514	6133	0	0	0	0	0	0	0	0
NA	NA	23392	NA	1790	0	15155146	501	0	0	0	0	0	0	0	0
NA	NA	14769	NA	5613	0	15146610	9037	0	0	0	0	0	0	0	0
NA	NA	16527	NA	11497	0	15147522	8125	0	0	0	0	0	0	0	0
NA	NA	11658	NA	7648	0	15142098	13549	0	0	0	0	0	0	0	0
NA	NA	15639	NA	5603	0	15147636	8011	0	0	0	0	0	0	0	0
NA	NA	16886	NA	5560	0	15146737	8910	0	0	0	0	0	0	0	0
NA	NA	17107	NA	6981	0	15147911	7736	0	0	0	0	0	0	0	0
NA	NA	20855	NA	2259	0	15153117	2530	0	0	0	0	0	0	0	0
NA	NA	21629	NA	825	0	15154538	1109	0	0	0	0	0	0	0	0
NA	NA	18861	NA	1723	0	15151294	4353	0	0	0	0	0	0	0	0
NA	NA	19682	NA	3175	0	15150072	5575	0	0	0	0	0	0	0	0
NA	NA	19222	NA	5438	0	15149241	6406	0	0	0	0	0	0	0	0
NA	NA	15797	NA	7846	0	15145449	10198	0	0	0	0	0	0	0	0
NA	NA	16806	NA	3880	0	15146832	8815	0	0	0	0	0	0	0	0
NA	NA	17972	NA	4241	0	15150082	5565	0	0	0	0	0	0	0	0
NA	NA	16166	NA	2625	0	15145586	10061	0	0	0	0	0	0	0	0
NA	NA	15384	NA	5205	0	15145889	9758	0	0	0	0	0	0	0	0
NA	NA	16160	NA	6318	0	15146558	9089	0	0	0	0	0	0	0	0
NA	NA	13316	NA	8979	0	15144881	10766	0	0	0	0	0	0	0	0
NA	NA	14234	NA	5008	0	15147453	8194	0	0	0	0	0	0	0	0
NA	NA	14214	NA	10666	0	15147292	8355	0	0	0	0	0	0	0	0
NA	NA	24321	NA	2240	0	15154707	940	0	0	0	0	0	0	0	0
NA	NA	14533	NA	3899	0	15146385	9262	0	0	0	0	0	0	0	0
NA	NA	13730	NA	3466	0	15144930	10717	0	0	0	0	0	0	0	0
NA	NA	15458	NA	5545	0	15146910	8737	0	0	0	0	0	0	0	0
NA	NA	20565	NA	3008	0	15151168	4479	0	0	0	0	0	0	0	0
NA	NA	14767	NA	8330	0	15146232	9415	0	0	0	0	0	0	0	0
NA	NA	18344	NA	2503	0	15149330	6317	0	0	0	0	0	0	0	0
NA	NA	18484	NA	6544	0	15150925	4722	0	0	0	0	0	0	0	0
NA	NA	15164	NA	6244	0	15146362	9285	0	0	0	0	0	0	0	0
NA	NA	22455	NA	451	0	15151243	4404	0	0	0	0	0	0	0	0
NA	NA	15973	NA	7137	0	15147737	7910	0	0	0	0	0	0	0	0
NA	NA	19745	NA	3853	0	15151850	3797	0	0	0	0	0	0	0	0
NA	NA	20176	NA	5079	0	15151856	3791	0	0	0	0	0	0	0	0
NA	NA	17035	NA	2683	0	15148316	7331	0	0	0	0	0	0	0	0
NA	NA	16505	NA	7205	0	15148379	7268	0	0	0	0	0	0	0	0
NA	NA	20007	NA	3030	0	15149622	6025	0	0	0	0	0	0	0	0
NA	NA	17239	NA	4062	0	15150340	5307	0	0	0	0	0	0	0	0
NA	NA	12369	NA	11314	0	15144399	11248	0	0	0	0	0	0	0	0
NA	NA	16886	NA	4811	0	15147678	7969	0	0	0	0	0	0	0	0
NA	NA	19446	NA	2336	0	15150096	5551	0	0	0	0	0	0	0	0
NA	NA	17073	NA	5547	0	15147049	8598	0	0	0	0	0	0	0	0
NA	NA	21166	NA	890	0	15150952	4695	0	0	0	0	0	0	0	0
NA	NA	12357	NA	13312	0	15145624	10023	0	0	0	0	0	0	0	0
NA	NA	16125	NA	16692	0	15145028	10619	0	0	0	0	0	0	0	0
NA	NA	16522	NA	4215	0	15147983	7664	0	0	0	0	0	0	0	0
NA	NA	16007	NA	6718	0	15147280	8367	0	0	0	0	0	0	0	0
NA	NA	15146	NA	5152	0	15146640	9007	0	0	0	0	0	0	0	0
NA	NA	10421	NA	7424	0	15142921	12726	0	0	0	0	0	0	0	0
NA	NA	17657	NA	3421	0	15150378	5269	0	0	0	0	0	0	0	0
NA	NA	14537	NA	9055	0	15145384	10263	0	0	0	0	0	0	0	0
NA	NA	16692	NA	4928	0	15149490	6157	0	0	0	0	0	0	0	0
NA	NA	14456	NA	5356	0	15147337	8310	0	0	0	0	0	0	0	0
NA	NA	17688	NA	2865	0	15147646	8001	0	0	0	0	0	0	0	0
NA	NA	18466	NA	4507	0	15150801	4846	0	0	0	0	0	0	0	0
NA	NA	19808	NA	4805	0	15150311	5336	0	0	0	0	0	0	0	0
NA	NA	21340	NA	1056	0	15153545	2102	0	0	0	0	0	0	0	0
NA	NA	13087	NA	9535	0	15144663	10984	0	0	0	0	0	0	0	0
NA	NA	17606	NA	3281	0	15147979	7668	0	0	0	0	0	0	0	0
NA	NA	18095	NA	2630	0	15149504	6143	0	0	0	0	0	0	0	0
NA	NA	17678	NA	3171	0	15150018	5629	0	0	0	0	0	0	0	0
NA	NA	14609	NA	3977	0	15145010	10637	0	0	0	0	0	0	0	0
NA	NA	15284	NA	8713	0	15146943	8704	0	0	0	0	0	0	0	0
NA	NA	19573	NA	1592	0	15151747	3900	0	0	0	0	0	0	0	0
NA	NA	12140	NA	8923	0	15143619	12028	0	0	0	0	0	0	0	0
NA	NA	17711	NA	4563	0	15149306	6341	0	0	0	0	0	0	0	0
NA	NA	17678	NA	3885	0	15149259	6388	0	0	0	0	0	0	0	0
NA	NA	16784	NA	6820	0	15147800	7847	0	0	0	0	0	0	0	0
NA	NA	16586	NA	2475	0	15148268	7379	0	0	0	0	0	0	0	0
NA	NA	20868	NA	2059	0	15151571	4076	0	0	0	0	0	0	0	0
NA	NA	17385	NA	2493	0	15148710	6937	0	0	0	0	0	0	0	0
NA	NA	16331	NA	7612	0	15149131	6516	0	0	0	0	0	0	0	0
NA	NA	16196	NA	2465	0	15147281	8366	0	0	0	0	0	0	0	0
NA	NA	15506	NA	7083	0	15148171	7476	0	0	0	0	0	0	0	0
NA	NA	17064	NA	4163	0	15148600	7047	0	0	0	0	0	0	0	0
NA	NA	18469	NA	5051	0	15150830	4817	0	0	0	0	0	0	0	0
NA	NA	19862	NA	2000	0	15150470	5177	0	0	0	0	0	0	0	0
NA	NA	17199	NA	8796	0	15148215	7432	0	0	0	0	0	0	0	0
NA	NA	12957	NA	7345	0	15144965	10682	0	0	0	0	0	0	0	0
NA	NA	11268	NA	11017	0	15143385	12262	0	0	0	0	0	0	0	0
NA	NA	22366	NA	2688	0	15153295	2352	0	0	0	0	0	0	0	0
NA	NA	19221	NA	3726	0	15152661	2986	0	0	0	0	0	0	0	0
NA	NA	15410	NA	10358	0	15147567	8080	0	0	0	0	0	0	0	0
NA	NA	18056	NA	5111	0	15147451	8196	0	0	0	0	0	0	0	0
NA	NA	10991	NA	11301	0	15142078	13569	0	0	0	0	0	0	0	0
NA	NA	14356	NA	4876	0	15146030	9617	0	0	0	0	0	0	0	0
NA	NA	17431	NA	11783	0	15149233	6414	0	0	0	0	0	0	0	0
NA	NA	18568	NA	4144	0	15149485	6162	0	0	0	0	0	0	0	0
NA	NA	16954	NA	9068	0	15150039	5608	0	0	0	0	0	0	0	0
NA	NA	18664	NA	4108	0	15149959	5688	0	0	0	0	0	0	0	0
NA	NA	20965	NA	9933	0	15151039	4608	0	0	0	0	0	0	0	0
NA	NA	15934	NA	5101	0	15147201	8446	0	0	0	0	0	0	0	0
NA	NA	18480	NA	2989	0	15150835	4812	0	0	0	0	0	0	0	0
NA	NA	22170	NA	514	0	15154087	1560	0	0	0	0	0	0	0	0
NA	NA	15264	NA	10451	0	15145657	9990	0	0	0	0	0	0	0	0
NA	NA	17455	NA	5435	0	15150694	4953	0	0	0	0	0	0	0	0
NA	NA	15675	NA	4121	0	15147607	8040	0	0	0	0	0	0	0	0
NA	NA	15876	NA	4045	0	15147851	7796	0	0	0	0	0	0	0	0
NA	NA	19531	NA	2138	0	15149237	6410	0	0	0	0	0	0	0	0
NA	NA	18827	NA	2712	0	15150492	5155	0	0	0	0	0	0	0	0
NA	NA	21019	NA	1826	0	15151602	4045	0	0	0	0	0	0	0	0
NA	NA	21097	NA	2910	0	15153239	2408	0	0	0	0	0	0	0	0
NA	NA	14227	NA	8307	0	15145036	10611	0	0	0	0	0	0	0	0
NA	NA	17869	NA	8699	0	15148646	7001	0	0	0	0	0	0	0	0
NA	NA	12397	NA	9825	0	15143878	11769	0	0	0	0	0	0	0	0
NA	NA	17576	NA	6070	0	15148912	6735	0	0	0	0	0	0	0	0
NA	NA	16255	NA	4537	0	15147897	7750	0	0	0	0	0	0	0	0
NA	NA	14047	NA	3707	0	15145499	10148	0	0	0	0	0	0	0	0
NA	NA	19132	NA	2095	0	15150667	4980	0	0	0	0	0	0	0	0
NA	NA	21608	NA	7073	0	15150949	4698	0	0	0	0	0	0	0	0
NA	NA	15175	NA	5824	0	15147261	8386	0	0	0	0	0	0	0	0
NA	NA	16437	NA	12182	0	15146490	9157	0	0	0	0	0	0	0	0
NA	NA	21345	NA	4717	0	15152109	3538	0	0	0	0	0	0	0	0
NA	NA	19003	NA	1961	0	15151169	4478	0	0	0	0	0	0	0	0
NA	NA	16097	NA	6028	0	15147613	8034	0	0	0	0	0	0	0	0
NA	NA	14986	NA	9777	0	15145755	9892	0	0	0	0	0	0	0	0
NA	NA	15135	NA	6323	0	15146871	8776	0	0	0	0	0	0	0	0
NA	NA	16931	NA	2849	0	15146542	9105	0	0	0	0	0	0	0	0
NA	NA	17791	NA	2586	0	15150254	5393	0	0	0	0	0	0	0	0
NA	NA	18033	NA	5635	0	15147183	8464	0	0	0	0	0	0	0	0
NA	NA	17173	NA	4713	0	15148561	7086	0	0	0	0	0	0	0	0
NA	NA	18582	NA	4794	0	15150639	5008	0	0	0	0	0	0	0	0
NA	NA	16781	NA	3258	0	15148901	6746	0	0	0	0	0	0	0	0
NA	NA	20426	NA	3453	0	15152234	3413	0	0	0	0	0	0	0	0
NA	NA	20118	NA	2796	0	15151009	4638	0	0	0	0	0	0	0	0
NA	NA	14248	NA	6875	0	15145210	10437	0	0	0	0	0	0	0	0
NA	NA	14954	NA	11094	0	15145707	9940	0	0	0	0	0	0	0	0
NA	NA	19628	NA	1279	0	15151859	3788	0	0	0	0	0	0	0	0
NA	NA	18751	NA	2788	0	15151053	4594	0	0	0	0	0	0	0	0
NA	NA	16868	NA	4860	0	15147965	7682	0	0	0	0	0	0	0	0
NA	NA	15424	NA	4890	0	15146712	8935	0	0	0	0	0	0	0	0
NA	NA	22755	NA	544	0	15154287	1360	0	0	0	0	0	0	0	0
NA	NA	17090	NA	11670	0	15148754	6893	0	0	0	0	0	0	0	0
NA	NA	18113	NA	2610	0	15149091	6556	0	0	0	0	0	0	0	0
NA	NA	17731	NA	10088	0	15147361	8286	0	0	0	0	0	0	0	0
NA	NA	20413	NA	1944	0	15153292	2355	0	0	0	0	0	0	0	0
NA	NA	15347	NA	11925	0	15147751	7896	0	0	0	0	0	0	0	0
NA	NA	15915	NA	4816	0	15147225	8422	0	0	0	0	0	0	0	0
NA	NA	13431	NA	21021	0	15145150	10497	0	0	0	0	0	0	0	0
NA	NA	18370	NA	6983	0	15149027	6620	0	0	0	0	0	0	0	0
NA	NA	15006	NA	9730	0	15145839	9808	0	0	0	0	0	0	0	0
NA	NA	19133	NA	4621	0	15150862	4785	0	0	0	0	0	0	0	0
NA	NA	21300	NA	6802	0	15151130	4517	0	0	0	0	0	0	0	0
NA	NA	16136	NA	7370	0	15148322	7325	0	0	0	0	0	0	0	0
NA	NA	17109	NA	4301	0	15148662	6985	0	0	0	0	0	0	0	0
NA	NA	17525	NA	2734	0	15148670	6977	0	0	0	0	0	0	0	0
NA	NA	16997	NA	2833	0	15148208	7439	0	0	0	0	0	0	0	0
NA	NA	16061	NA	4442	0	15146498	9149	0	0	0	0	0	0	0	0
NA	NA	22277	NA	4151	0	15152904	2743	0	0	0	0	0	0	0	0
NA	NA	16120	NA	4555	0	15147214	8433	0	0	0	0	0	0	0	0
NA	NA	14432	NA	4341	0	15146474	9173	0	0	0	0	0	0	0	0
NA	NA	16091	NA	6615	0	15148342	7305	0	0	0	0	0	0	0	0
NA	NA	12599	NA	17381	0	15144834	10813	0	0	0	0	0	0	0	0
NA	NA	20918	NA	2590	0	15153280	2367	0	0	0	0	0	0	0	0
NA	NA	20205	NA	2221	0	15150376	5271	0	0	0	0	0	0	0	0
NA	NA	19301	NA	11205	0	15149092	6555	0	0	0	0	0	0	0	0
NA	NA	14261	NA	6360	0	15145913	9734	0	0	0	0	0	0	0	0
NA	NA	19098	NA	4627	0	15150092	5555	0	0	0	0	0	0	0	0
NA	NA	14611	NA	8369	0	15145613	10034	0	0	0	0	0	0	0	0
NA	NA	15064	NA	6346	0	15146230	9417	0	0	0	0	0	0	0	0
NA	NA	23680	NA	635	0	15155371	276	0	0	0	0	0	0	0	0
NA	NA	16810	NA	7413	0	15148075	7572	0	0	0	0	0	0	0	0
NA	NA	18862	NA	3421	0	15151416	4231	0	0	0	0	0	0	0	0
NA	NA	14497	NA	13105	0	15143168	12479	0	0	0	0	0	0	0	0
NA	NA	18649	NA	2715	0	15150691	4956	0	0	0	0	0	0	0	0
NA	NA	17308	NA	3690	0	15148779	6868	0	0	0	0	0	0	0	0
NA	NA	17782	NA	3481	0	15149149	6498	0	0	0	0	0	0	0	0
NA	NA	16197	NA	4148	0	15146239	9408	0	0	0	0	0	0	0	0
NA	NA	16641	NA	6257	0	15148402	7245	0	0	0	0	0	0	0	0
NA	NA	15744	NA	9051	0	15148365	7282	0	0	0	0	0	0	0	0
NA	NA	17664	NA	1600	0	15147817	7830	0	0	0	0	0	0	0	0
NA	NA	18832	NA	3490	0	15149832	5815	0	0	0	0	0	0	0	0
NA	NA	17333	NA	6348	0	15149302	6345	0	0	0	0	0	0	0	0
NA	NA	19990	NA	2525	0	15151173	4474	0	0	0	0	0	0	0	0
NA	NA	18333	NA	8119	0	15148804	6843	0	0	0	0	0	0	0	0
NA	NA	17318	NA	5342	0	15147853	7794	0	0	0	0	0	0	0	0
NA	NA	13624	NA	6602	0	15145646	10001	0	0	0	0	0	0	0	0
NA	NA	17126	NA	2651	0	15149945	5702	0	0	0	0	0	0	0	0
NA	NA	18203	NA	3866	0	15150705	4942	0	0	0	0	0	0	0	0
NA	NA	19147	NA	2698	0	15150869	4778	0	0	0	0	0	0	0	0
NA	NA	20898	NA	1117	0	15152431	3216	0	0	0	0	0	0	0	0
NA	NA	18381	NA	3434	0	15149955	5692	0	0	0	0	0	0	0	0
NA	NA	22734	NA	1363	0	15153460	2187	0	0	0	0	0	0	0	0
NA	NA	17368	NA	3084	0	15148970	6677	0	0	0	0	0	0	0	0
NA	NA	13768	NA	7950	0	15145636	10011	0	0	0	0	0	0	0	0
NA	NA	17872	NA	5098	0	15151101	4546	0	0	0	0	0	0	0	0
NA	NA	20171	NA	1970	0	15152999	2648	0	0	0	0	0	0	0	0
NA	NA	18336	NA	8613	0	15149535	6112	0	0	0	0	0	0	0	0
NA	NA	18117	NA	2342	0	15149710	5937	0	0	0	0	0	0	0	0
NA	NA	16897	NA	6023	0	15149138	6509	0	0	0	0	0	0	0	0
NA	NA	20575	NA	1549	0	15151195	4452	0	0	0	0	0	0	0	0
NA	NA	21836	NA	2135	0	15153362	2285	0	0	0	0	0	0	0	0
NA	NA	14544	NA	9111	0	15143686	11961	0	0	0	0	0	0	0	0
NA	NA	19466	NA	2638	0	15149093	6554	0	0	0	0	0	0	0	0
NA	NA	13885	NA	8689	0	15144916	10731	0	0	0	0	0	0	0	0
NA	NA	16612	NA	7031	0	15148209	7438	0	0	0	0	0	0	0	0
NA	NA	14825	NA	10072	0	15146096	9551	0	0	0	0	0	0	0	0
NA	NA	15840	NA	3454	0	15147572	8075	0	0	0	0	0	0	0	0
NA	NA	17192	NA	3895	0	15149472	6175	0	0	0	0	0	0	0	0
NA	NA	19309	NA	2726	0	15151433	4214	0	0	0	0	0	0	0	0
NA	NA	16311	NA	7532	0	15147613	8034	0	0	0	0	0	0	0	0
NA	NA	19263	NA	2193	0	15149002	6645	0	0	0	0	0	0	0	0
NA	NA	16556	NA	5774	0	15147361	8286	0	0	0	0	0	0	0	0
NA	NA	15017	NA	2780	0	15146351	9296	0	0	0	0	0	0	0	0
NA	NA	16840	NA	5066	0	15149250	6397	0	0	0	0	0	0	0	0
NA	NA	20932	NA	2380	0	15151693	3954	0	0	0	0	0	0	0	0
NA	NA	18879	NA	10412	0	15150762	4885	0	0	0	0	0	0	0	0
NA	NA	19408	NA	4348	0	15149391	6256	0	0	0	0	0	0	0	0
NA	NA	19679	NA	1576	0	15151953	3694	0	0	0	0	0	0	0	0
NA	NA	20868	NA	1829	0	15151442	4205	0	0	0	0	0	0	0	0
NA	NA	17133	NA	5281	0	15148314	7333	0	0	0	0	0	0	0	0
NA	NA	15495	NA	8214	0	15146541	9106	0	0	0	0	0	0	0	0
NA	NA	15882	NA	3729	0	15148261	7386	0	0	0	0	0	0	0	0
NA	NA	20830	NA	3437	0	15152951	2696	0	0	0	0	0	0	0	0
NA	NA	17053	NA	6141	0	15148584	7063	0	0	0	0	0	0	0	0
NA	NA	18250	NA	3285	0	15151120	4527	0	0	0	0	0	0	0	0
NA	NA	18823	NA	1941	0	15151756	3891	0	0	0	0	0	0	0	0
NA	NA	20713	NA	4097	0	15150098	5549	0	0	0	0	0	0	0	0
NA	NA	16887	NA	5710	0	15147325	8322	0	0	0	0	0	0	0	0
NA	NA	18075	NA	5869	0	15149116	6531	0	0	0	0	0	0	0	0
NA	NA	14900	NA	7480	0	15146659	8988	0	0	0	0	0	0	0	0
NA	NA	19076	NA	4085	0	15151263	4384	0	0	0	0	0	0	0	0
NA	NA	20006	NA	4644	0	15151011	4636	0	0	0	0	0	0	0	0
NA	NA	20174	NA	1265	0	15150819	4828	0	0	0	0	0	0	0	0
NA	NA	21279	NA	3596	0	15152969	2678	0	0	0	0	0	0	0	0
NA	NA	16654	NA	5178	0	15149434	6213	0	0	0	0	0	0	0	0
NA	NA	19572	NA	2573	0	15149378	6269	0	0	0	0	0	0	0	0
NA	NA	11268	NA	9132	0	15140932	14715	0	0	0	0	0	0	0	0
NA	NA	17124	NA	8111	0	15148104	7543	0	0	0	0	0	0	0	0
NA	NA	18637	NA	5942	0	15149386	6261	0	0	0	0	0	0	0	0
NA	NA	14672	NA	8251	0	15146570	9077	0	0	0	0	0	0	0	0
NA	NA	19231	NA	3119	0	15151617	4030	0	0	0	0	0	0	0	0
NA	NA	16113	NA	5246	0	15147191	8456	0	0	0	0	0	0	0	0
NA	NA	19174	NA	2781	0	15150628	5019	0	0	0	0	0	0	0	0
NA	NA	16453	NA	5548	0	15147292	8355	0	0	0	0	0	0	0	0
NA	NA	15275	NA	5456	0	15147046	8601	0	0	0	0	0	0	0	0
NA	NA	16689	NA	2221	0	15147319	8328	0	0	0	0	0	0	0	0
NA	NA	17962	NA	5210	0	15151396	4251	0	0	0	0	0	0	0	0
NA	NA	17500	NA	4388	0	15147738	7909	0	0	0	0	0	0	0	0
NA	NA	18928	NA	3458	0	15151393	4254	0	0	0	0	0	0	0	0
NA	NA	20158	NA	1755	0	15152721	2926	0	0	0	0	0	0	0	0
NA	NA	15633	NA	7815	0	15146861	8786	0	0	0	0	0	0	0	0
NA	NA	20715	NA	2365	0	15150923	4724	0	0	0	0	0	0	0	0
NA	NA	19744	NA	3363	0	15150223	5424	0	0	0	0	0	0	0	0
NA	NA	15626	NA	4920	0	15147718	7929	0	0	0	0	0	0	0	0
NA	NA	13226	NA	10080	0	15141857	13790	0	0	0	0	0	0	0	0
NA	NA	19795	NA	2612	0	15150889	4758	0	0	0	0	0	0	0	0
NA	NA	14857	NA	8029	0	15144533	11114	0	0	0	0	0	0	0	0
NA	NA	14636	NA	8701	0	15146512	9135	0	0	0	0	0	0	0	0
NA	NA	17362	NA	2555	0	15148845	6802	0	0	0	0	0	0	0	0
NA	NA	18662	NA	3321	0	15151691	3956	0	0	0	0	0	0	0	0
NA	NA	15888	NA	3435	0	15147093	8554	0	0	0	0	0	0	0	0
NA	NA	20010	NA	3011	0	15152039	3608	0	0	0	0	0	0	0	0
NA	NA	20487	NA	1983	0	15151963	3684	0	0	0	0	0	0	0	0
NA	NA	18061	NA	6064	0	15149510	6137	0	0	0	0	0	0	0	0
NA	NA	19433	NA	3804	0	15150551	5096	0	0	0	0	0	0	0	0
NA	NA	16680	NA	2443	0	15148399	7248	0	0	0	0	0	0	0	0
NA	NA	15723	NA	5545	0	15148267	7380	0	0	0	0	0	0	0	0
NA	NA	13564	NA	6238	0	15145275	10372	0	0	0	0	0	0	0	0
NA	NA	12475	NA	13668	0	15145038	10609	0	0	0	0	0	0	0	0
NA	NA	17401	NA	5062	0	15148294	7353	0	0	0	0	0	0	0	0
NA	NA	12049	NA	13305	0	15144199	11448	0	0	0	0	0	0	0	0
NA	NA	16757	NA	4046	0	15148455	7192	0	0	0	0	0	0	0	0
NA	NA	15091	NA	13790	0	15146244	9403	0	0	0	0	0	0	0	0
NA	NA	13681	NA	11074	0	15146612	9035	0	0	0	0	0	0	0	0
NA	NA	17585	NA	10080	0	15149229	6418	0	0	0	0	0	0	0	0
NA	NA	18850	NA	5843	0	15150864	4783	0	0	0	0	0	0	0	0
NA	NA	15514	NA	8272	0	15144513	11134	0	0	0	0	0	0	0	0
NA	NA	17211	NA	5402	0	15149011	6636	0	0	0	0	0	0	0	0
NA	NA	17570	NA	2744	0	15147838	7809	0	0	0	0	0	0	0	0
NA	NA	17905	NA	10054	0	15149985	5662	0	0	0	0	0	0	0	0
NA	NA	20820	NA	3658	0	15153110	2537	0	0	0	0	0	0	0	0
NA	NA	16817	NA	4201	0	15149336	6311	0	0	0	0	0	0	0	0
NA	NA	16412	NA	6615	0	15148027	7620	0	0	0	0	0	0	0	0
NA	NA	17249	NA	6015	0	15148992	6655	0	0	0	0	0	0	0	0
NA	NA	14061	NA	12191	0	15146018	9629	0	0	0	0	0	0	0	0
NA	NA	14704	NA	6226	0	15145968	9679	0	0	0	0	0	0	0	0
NA	NA	12225	NA	11886	0	15142790	12857	0	0	0	0	0	0	0	0
NA	NA	16098	NA	3448	0	15147851	7796	0	0	0	0	0	0	0	0
NA	NA	11284	NA	10867	0	15140634	15013	0	0	0	0	0	0	0	0
NA	NA	17673	NA	3760	0	15148047	7600	0	0	0	0	0	0	0	0
NA	NA	19204	NA	4797	0	15148978	6669	0	0	0	0	0	0	0	0
NA	NA	18212	NA	4511	0	15149711	5936	0	0	0	0	0	0	0	0
NA	NA	18145	NA	5352	0	15149616	6031	0	0	0	0	0	0	0	0
NA	NA	16180	NA	8900	0	15147376	8271	0	0	0	0	0	0	0	0
NA	NA	16934	NA	2697	0	15148766	6881	0	0	0	0	0	0	0	0
NA	NA	16700	NA	7853	0	15148600	7047	0	0	0	0	0	0	0	0
NA	NA	21334	NA	2800	0	15153519	2128	0	0	0	0	0	0	0	0
NA	NA	15499	NA	7089	0	15148227	7420	0	0	0	0	0	0	0	0
NA	NA	17724	NA	5125	0	15149413	6234	0	0	0	0	0	0	0	0
NA	NA	22671	NA	1975	0	15153734	1913	0	0	0	0	0	0	0	0
NA	NA	16989	NA	3796	0	15147713	7934	0	0	0	0	0	0	0	0
NA	NA	22280	NA	1608	0	15153363	2284	0	0	0	0	0	0	0	0
NA	NA	21804	NA	1411	0	15153445	2202	0	0	0	0	0	0	0	0
NA	NA	18052	NA	3355	0	15149599	6048	0	0	0	0	0	0	0	0
NA	NA	15860	NA	8003	0	15147845	7802	0	0	0	0	0	0	0	0
NA	NA	19229	NA	3166	0	15149590	6057	0	0	0	0	0	0	0	0
NA	NA	17266	NA	4923	0	15149257	6390	0	0	0	0	0	0	0	0
NA	NA	16565	NA	3015	0	15148405	7242	0	0	0	0	0	0	0	0
NA	NA	15904	NA	6851	0	15147001	8646	0	0	0	0	0	0	0	0
NA	NA	17317	NA	9178	0	15148227	7420	0	0	0	0	0	0	0	0
NA	NA	13890	NA	6099	0	15145253	10394	0	0	0	0	0	0	0	0
NA	NA	16830	NA	5360	0	15146046	9601	0	0	0	0	0	0	0	0
NA	NA	21208	NA	1690	0	15152504	3143	0	0	0	0	0	0	0	0
NA	NA	22163	NA	980	0	15153395	2252	0	0	0	0	0	0	0	0
NA	NA	18768	NA	2700	0	15149837	5810	0	0	0	0	0	0	0	0
NA	NA	18580	NA	4744	0	15151094	4553	0	0	0	0	0	0	0	0
NA	NA	16838	NA	5508	0	15147420	8227	0	0	0	0	0	0	0	0
NA	NA	22067	NA	2796	0	15152691	2956	0	0	0	0	0	0	0	0
NA	NA	15192	NA	5446	0	15147694	7953	0	0	0	0	0	0	0	0
NA	NA	18906	NA	2782	0	15149962	5685	0	0	0	0	0	0	0	0
NA	NA	19883	NA	1940	0	15152204	3443	0	0	0	0	0	0	0	0
NA	NA	19589	NA	1768	0	15152422	3225	0	0	0	0	0	0	0	0
NA	NA	15322	NA	3440	0	15147248	8399	0	0	0	0	0	0	0	0
NA	NA	16076	NA	2747	0	15145664	9983	0	0	0	0	0	0	0	0
NA	NA	15957	NA	4064	0	15147812	7835	0	0	0	0	0	0	0	0
NA	NA	14017	NA	5835	0	15144390	11257	0	0	0	0	0	0	0	0
NA	NA	12220	NA	4731	0	15143408	12239	0	0	0	0	0	0	0	0
NA	NA	15871	NA	6864	0	15145272	10375	0	0	0	0	0	0	0	0
NA	NA	15514	NA	5700	0	15146798	8849	0	0	0	0	0	0	0	0
NA	NA	20162	NA	2851	0	15151958	3689	0	0	0	0	0	0	0	0
NA	NA	20786	NA	9270	0	15150721	4926	0	0	0	0	0	0	0	0
NA	NA	20003	NA	4015	0	15149998	5649	0	0	0	0	0	0	0	0
NA	NA	11137	NA	10009	0	15141794	13853	0	0	0	0	0	0	0	0
NA	NA	21465	NA	736	0	15154375	1272	0	0	0	0	0	0	0	0
NA	NA	19771	NA	5635	0	15151089	4558	0	0	0	0	0	0	0	0
NA	NA	18801	NA	5069	0	15149097	6550	0	0	0	0	0	0	0	0
NA	NA	16196	NA	4638	0	15148974	6673	0	0	0	0	0	0	0	0
NA	NA	16256	NA	4811	0	15147953	7694	0	0	0	0	0	0	0	0
NA	NA	22019	NA	2036	0	15153240	2407	0	0	0	0	0	0	0	0
NA	NA	20245	NA	694	0	15150836	4811	0	0	0	0	0	0	0	0
NA	NA	16157	NA	5677	0	15146671	8976	0	0	0	0	0	0	0	0
NA	NA	20030	NA	3602	0	15151601	4046	0	0	0	0	0	0	0	0
NA	NA	17267	NA	12979	0	15148954	6693	0	0	0	0	0	0	0	0
NA	NA	16505	NA	6597	0	15146506	9141	0	0	0	0	0	0	0	0
NA	NA	19733	NA	5418	0	15151349	4298	0	0	0	0	0	0	0	0
NA	NA	21346	NA	2933	0	15152401	3246	0	0	0	0	0	0	0	0
NA	NA	19974	NA	2011	0	15152408	3239	0	0	0	0	0	0	0	0
NA	NA	18044	NA	5375	0	15149290	6357	0	0	0	0	0	0	0	0
NA	NA	18161	NA	931	0	15146161	9486	0	0	0	0	0	0	0	0
NA	NA	20217	NA	4876	0	15151067	4580	0	0	0	0	0	0	0	0
NA	NA	18164	NA	7121	0	15150247	5400	0	0	0	0	0	0	0	0
NA	NA	16436	NA	6305	0	15147454	8193	0	0	0	0	0	0	0	0
NA	NA	21698	NA	2754	0	15152770	2877	0	0	0	0	0	0	0	0
NA	NA	14521	NA	3474	0	15145625	10022	0	0	0	0	0	0	0	0
NA	NA	17474	NA	4334	0	15150385	5262	0	0	0	0	0	0	0	0
NA	NA	18678	NA	3797	0	15150439	5208	0	0	0	0	0	0	0	0
NA	NA	15680	NA	6082	0	15147274	8373	0	0	0	0	0	0	0	0
NA	NA	15645	NA	9144	0	15146207	9440	0	0	0	0	0	0	0	0
NA	NA	22185	NA	4585	0	15153556	2091	0	0	0	0	0	0	0	0
NA	NA	16521	NA	9263	0	15147061	8586	0	0	0	0	0	0	0	0
NA	NA	21639	NA	4701	0	15152416	3231	0	0	0	0	0	0	0	0
NA	NA	13242	NA	2430	0	15142293	13354	0	0	0	0	0	0	0	0
NA	NA	20441	NA	1823	0	15152020	3627	0	0	0	0	0	0	0	0
NA	NA	11483	NA	3917	0	15142067	13580	0	0	0	0	0	0	0	0
NA	NA	20776	NA	1523	0	15151260	4387	0	0	0	0	0	0	0	0
NA	NA	16990	NA	9638	0	15149102	6545	0	0	0	0	0	0	0	0
NA	NA	23232	NA	557	0	15154349	1298	0	0	0	0	0	0	0	0
NA	NA	19723	NA	7709	0	15151163	4484	0	0	0	0	0	0	0	0
NA	NA	11409	NA	4524	0	15140911	14736	0	0	0	0	0	0	0	0
NA	NA	15622	NA	4989	0	15147059	8588	0	0	0	0	0	0	0	0
NA	NA	18286	NA	5929	0	15150156	5491	0	0	0	0	0	0	0	0
NA	NA	20642	NA	3387	0	15152782	2865	0	0	0	0	0	0	0	0
NA	NA	17001	NA	3283	0	15147314	8333	0	0	0	0	0	0	0	0
NA	NA	18572	NA	3615	0	15150786	4861	0	0	0	0	0	0	0	0
NA	NA	22341	NA	756	0	15154062	1585	0	0	0	0	0	0	0	0
NA	NA	16556	NA	5543	0	15147045	8602	0	0	0	0	0	0	0	0
NA	NA	13216	NA	8326	0	15142548	13099	0	0	0	0	0	0	0	0
NA	NA	13179	NA	6171	0	15143056	12591	0	0	0	0	0	0	0	0
NA	NA	12794	NA	9945	0	15142289	13358	0	0	0	0	0	0	0	0
NA	NA	19536	NA	4457	0	15151423	4224	0	0	0	0	0	0	0	0
NA	NA	19095	NA	2644	0	15149739	5908	0	0	0	0	0	0	0	0
NA	NA	19134	NA	3803	0	15149983	5664	0	0	0	0	0	0	0	0
NA	NA	21993	NA	2461	0	15153021	2626	0	0	0	0	0	0	0	0
NA	NA	19276	NA	4596	0	15150140	5507	0	0	0	0	0	0	0	0
NA	NA	19491	NA	5073	0	15150316	5331	0	0	0	0	0	0	0	0
NA	NA	16750	NA	6787	0	15148534	7113	0	0	0	0	0	0	0	0
NA	NA	13742	NA	12880	0	15145098	10549	0	0	0	0	0	0	0	0
NA	NA	18834	NA	10176	0	15150573	5074	0	0	0	0	0	0	0	0
NA	NA	23401	NA	1701	0	15153118	2529	0	0	0	0	0	0	0	0
NA	NA	19139	NA	6452	0	15150950	4697	0	0	0	0	0	0	0	0
NA	NA	20469	NA	2167	0	15151352	4295	0	0	0	0	0	0	0	0
NA	NA	21733	NA	2095	0	15153165	2482	0	0	0	0	0	0	0	0
NA	NA	20984	NA	4871	0	15152603	3044	0	0	0	0	0	0	0	0
NA	NA	17195	NA	4833	0	15149996	5651	0	0	0	0	0	0	0	0
NA	NA	19326	NA	3148	0	15151291	4356	0	0	0	0	0	0	0	0
NA	NA	12966	NA	5546	0	15145375	10272	0	0	0	0	0	0	0	0
NA	NA	17954	NA	3444	0	15150436	5211	0	0	0	0	0	0	0	0
NA	NA	18566	NA	4158	0	15148954	6693	0	0	0	0	0	0	0	0
NA	NA	14994	NA	6357	0	15146281	9366	0	0	0	0	0	0	0	0
NA	NA	22124	NA	988	0	15153260	2387	0	0	0	0	0	0	0	0
NA	NA	14703	NA	2884	0	15146419	9228	0	0	0	0	0	0	0	0
NA	NA	18554	NA	2499	0	15151202	4445	0	0	0	0	0	0	0	0
NA	NA	17734	NA	6305	0	15148621	7026	0	0	0	0	0	0	0	0
NA	NA	20428	NA	5886	0	15152607	3040	0	0	0	0	0	0	0	0
NA	NA	13013	NA	11259	0	15144010	11637	0	0	0	0	0	0	0	0
NA	NA	12529	NA	13433	0	15143413	12234	0	0	0	0	0	0	0	0
NA	NA	17169	NA	10579	0	15148031	7616	0	0	0	0	0	0	0	0
NA	NA	13976	NA	5029	0	15146458	9189	0	0	0	0	0	0	0	0
NA	NA	10107	NA	9898	0	15141704	13943	0	0	0	0	0	0	0	0
NA	NA	13396	NA	5702	0	15144370	11277	0	0	0	0	0	0	0	0
NA	NA	15940	NA	10774	0	15148064	7583	0	0	0	0	0	0	0	0
NA	NA	17864	NA	4949	0	15149573	6074	0	0	0	0	0	0	0	0
NA	NA	22635	NA	2600	0	15153044	2603	0	0	0	0	0	0	0	0
NA	NA	19008	NA	3571	0	15148440	7207	0	0	0	0	0	0	0	0
NA	NA	15378	NA	3789	0	15147431	8216	0	0	0	0	0	0	0	0
NA	NA	17288	NA	4058	0	15148770	6877	0	0	0	0	0	0	0	0
NA	NA	19329	NA	7674	0	15151297	4350	0	0	0	0	0	0	0	0
NA	NA	15660	NA	5106	0	15146920	8727	0	0	0	0	0	0	0	0
NA	NA	21867	NA	2459	0	15153051	2596	0	0	0	0	0	0	0	0
NA	NA	21044	NA	2331	0	15150058	5589	0	0	0	0	0	0	0	0
NA	NA	12469	NA	4392	0	15143685	11962	0	0	0	0	0	0	0	0
NA	NA	14123	NA	7725	0	15144257	11390	0	0	0	0	0	0	0	0
NA	NA	19018	NA	9265	0	15149756	5891	0	0	0	0	0	0	0	0
NA	NA	15441	NA	5103	0	15146272	9375	0	0	0	0	0	0	0	0
NA	NA	10990	NA	7756	0	15143523	12124	0	0	0	0	0	0	0	0
NA	NA	12819	NA	6343	0	15143609	12038	0	0	0	0	0	0	0	0
NA	NA	16979	NA	4126	0	15148742	6905	0	0	0	0	0	0	0	0
NA	NA	20190	NA	2537	0	15150814	4833	0	0	0	0	0	0	0	0
NA	NA	23080	NA	2269	0	15153655	1992	0	0	0	0	0	0	0	0
NA	NA	21916	NA	963	0	15153587	2060	0	0	0	0	0	0	0	0
NA	NA	17088	NA	11887	0	15147226	8421	0	0	0	0	0	0	0	0
NA	NA	14478	NA	6699	0	15145372	10275	0	0	0	0	0	0	0	0
NA	NA	18525	NA	2651	0	15147883	7764	0	0	0	0	0	0	0	0
NA	NA	22697	NA	486	0	15153854	1793	0	0	0	0	0	0	0	0
NA	NA	16291	NA	4710	0	15148863	6784	0	0	0	0	0	0	0	0
NA	NA	20993	NA	1135	0	15153096	2551	0	0	0	0	0	0	0	0
NA	NA	17268	NA	8577	0	15147451	8196	0	0	0	0	0	0	0	0
NA	NA	17520	NA	3461	0	15148553	7094	0	0	0	0	0	0	0	0
NA	NA	20020	NA	2231	0	15150734	4913	0	0	0	0	0	0	0	0
NA	NA	22615	NA	3791	0	15153236	2411	0	0	0	0	0	0	0	0
NA	NA	19135	NA	7094	0	15151757	3890	0	0	0	0	0	0	0	0
NA	NA	18209	NA	8501	0	15148922	6725	0	0	0	0	0	0	0	0
NA	NA	19547	NA	1012	0	15151689	3958	0	0	0	0	0	0	0	0
NA	NA	16421	NA	6978	0	15148652	6995	0	0	0	0	0	0	0	0
NA	NA	19459	NA	8346	0	15151358	4289	0	0	0	0	0	0	0	0
NA	NA	17863	NA	4694	0	15148215	7432	0	0	0	0	0	0	0	0
NA	NA	20717	NA	1819	0	15151032	4615	0	0	0	0	0	0	0	0
NA	NA	20156	NA	1390	0	15150668	4979	0	0	0	0	0	0	0	0
NA	NA	15609	NA	9432	0	15146945	8702	0	0	0	0	0	0	0	0
NA	NA	14936	NA	7321	0	15147241	8406	0	0	0	0	0	0	0	0
NA	NA	19410	NA	6111	0	15151288	4359	0	0	0	0	0	0	0	0
NA	NA	11019	NA	10189	0	15142346	13301	0	0	0	0	0	0	0	0
NA	NA	19706	NA	2133	0	15149991	5656	0	0	0	0	0	0	0	0
NA	NA	19546	NA	2993	0	15151823	3824	0	0	0	0	0	0	0	0
NA	NA	15533	NA	5725	0	15147055	8592	0	0	0	0	0	0	0	0
NA	NA	19946	NA	5017	0	15152685	2962	0	0	0	0	0	0	0	0
NA	NA	15274	NA	7188	0	15146680	8967	0	0	0	0	0	0	0	0
NA	NA	16227	NA	3881	0	15148484	7163	0	0	0	0	0	0	0	0
NA	NA	17750	NA	4422	0	15148949	6698	0	0	0	0	0	0	0	0
NA	NA	14892	NA	3479	0	15145568	10079	0	0	0	0	0	0	0	0
NA	NA	17732	NA	1801	0	15149135	6512	0	0	0	0	0	0	0	0
NA	NA	19862	NA	2425	0	15151447	4200	0	0	0	0	0	0	0	0
NA	NA	19611	NA	4475	0	15151585	4062	0	0	0	0	0	0	0	0
NA	NA	21837	NA	930	0	15153322	2325	0	0	0	0	0	0	0	0
NA	NA	19254	NA	2609	0	15150996	4651	0	0	0	0	0	0	0	0
NA	NA	18389	NA	3284	0	15150891	4756	0	0	0	0	0	0	0	0
NA	NA	20992	NA	1584	0	15150370	5277	0	0	0	0	0	0	0	0
NA	NA	10935	NA	9199	0	15143907	11740	0	0	0	0	0	0	0	0
NA	NA	14255	NA	5357	0	15145849	9798	0	0	0	0	0	0	0	0
NA	NA	12532	NA	7147	0	15145179	10468	0	0	0	0	0	0	0	0
NA	NA	18943	NA	4347	0	15152153	3494	0	0	0	0	0	0	0	0
NA	NA	13845	NA	7066	0	15145465	10182	0	0	0	0	0	0	0	0
NA	NA	18210	NA	2712	0	15149694	5953	0	0	0	0	0	0	0	0
NA	NA	17479	NA	2949	0	15147527	8120	0	0	0	0	0	0	0	0
NA	NA	18610	NA	4656	0	15149928	5719	0	0	0	0	0	0	0	0
NA	NA	16564	NA	7025	0	15147555	8092	0	0	0	0	0	0	0	0
NA	NA	14699	NA	6684	0	15147771	7876	0	0	0	0	0	0	0	0
NA	NA	23153	NA	1969	0	15153560	2087	0	0	0	0	0	0	0	0
NA	NA	17210	NA	6096	0	15148299	7348	0	0	0	0	0	0	0	0
NA	NA	15668	NA	7735	0	15146742	8905	0	0	0	0	0	0	0	0
NA	NA	16341	NA	3933	0	15147291	8356	0	0	0	0	0	0	0	0
NA	NA	19017	NA	4285	0	15151640	4007	0	0	0	0	0	0	0	0
NA	NA	14151	NA	11718	0	15145882	9765	0	0	0	0	0	0	0	0
NA	NA	15098	NA	6507	0	15147050	8597	0	0	0	0	0	0	0	0
NA	NA	22563	NA	3230	0	15154269	1378	0	0	0	0	0	0	0	0
NA	NA	16002	NA	10294	0	15147076	8571	0	0	0	0	0	0	0	0
NA	NA	20369	NA	1890	0	15151866	3781	0	0	0	0	0	0	0	0
NA	NA	13064	NA	14457	0	15143378	12269	0	0	0	0	0	0	0	0
NA	NA	17336	NA	4273	0	15148307	7340	0	0	0	0	0	0	0	0
NA	NA	15311	NA	9626	0	15145878	9769	0	0	0	0	0	0	0	0
NA	NA	13853	NA	10627	0	15146445	9202	0	0	0	0	0	0	0	0
NA	NA	14206	NA	5921	0	15146972	8675	0	0	0	0	0	0	0	0
NA	NA	16409	NA	4133	0	15148562	7085	0	0	0	0	0	0	0	0
NA	NA	16429	NA	5471	0	15148514	7133	0	0	0	0	0	0	0	0
NA	NA	16949	NA	2888	0	15148459	7188	0	0	0	0	0	0	0	0
NA	NA	14897	NA	9643	0	15147490	8157	0	0	0	0	0	0	0	0
NA	NA	18726	NA	5922	0	15150466	5181	0	0	0	0	0	0	0	0
NA	NA	10548	NA	7512	0	15140483	15164	0	0	0	0	0	0	0	0
NA	NA	13929	NA	6010	0	15143648	11999	0	0	0	0	0	0	0	0
NA	NA	18183	NA	3598	0	15148678	6969	0	0	0	0	0	0	0	0
NA	NA	17382	NA	3239	0	15149048	6599	0	0	0	0	0	0	0	0
NA	NA	17524	NA	4863	0	15150037	5610	0	0	0	0	0	0	0	0
NA	NA	14327	NA	6038	0	15145911	9736	0	0	0	0	0	0	0	0
NA	NA	23046	NA	1917	0	15154332	1315	0	0	0	0	0	0	0	0
NA	NA	16815	NA	5900	0	15147333	8314	0	0	0	0	0	0	0	0
NA	NA	16601	NA	3754	0	15147205	8442	0	0	0	0	0	0	0	0
NA	NA	16185	NA	5194	0	15147950	7697	0	0	0	0	0	0	0	0
NA	NA	20736	NA	2354	0	15153820	1827	0	0	0	0	0	0	0	0
NA	NA	19240	NA	3507	0	15150164	5483	0	0	0	0	0	0	0	0
NA	NA	18097	NA	2948	0	15149718	5929	0	0	0	0	0	0	0	0
NA	NA	22505	NA	1796	0	15152033	3614	0	0	0	0	0	0	0	0
NA	NA	11825	NA	15496	0	15144781	10866	0	0	0	0	0	0	0	0
NA	NA	21199	NA	3851	0	15152177	3470	0	0	0	0	0	0	0	0
NA	NA	20512	NA	1205	0	15152649	2998	0	0	0	0	0	0	0	0
NA	NA	16870	NA	1357	0	15148045	7602	0	0	0	0	0	0	0	0
NA	NA	14391	NA	7609	0	15145463	10184	0	0	0	0	0	0	0	0
NA	NA	15657	NA	5899	0	15146672	8975	0	0	0	0	0	0	0	0
NA	NA	18174	NA	4352	0	15150091	5556	0	0	0	0	0	0	0	0
NA	NA	18364	NA	8216	0	15149322	6325	0	0	0	0	0	0	0	0
NA	NA	18322	NA	6274	0	15150486	5161	0	0	0	0	0	0	0	0
NA	NA	19029	NA	4793	0	15149298	6349	0	0	0	0	0	0	0	0
NA	NA	17357	NA	8759	0	15148340	7307	0	0	0	0	0	0	0	0
NA	NA	20193	NA	3132	0	15151737	3910	0	0	0	0	0	0	0	0
NA	NA	14569	NA	5363	0	15146078	9569	0	0	0	0	0	0	0	0
NA	NA	21872	NA	3316	0	15153549	2098	0	0	0	0	0	0	0	0
NA	NA	17060	NA	10423	0	15146839	8808	0	0	0	0	0	0	0	0
NA	NA	11837	NA	12269	0	15142902	12745	0	0	0	0	0	0	0	0
NA	NA	18750	NA	1386	0	15147078	8569	0	0	0	0	0	0	0	0
NA	NA	14543	NA	4861	0	15145276	10371	0	0	0	0	0	0	0	0
NA	NA	15516	NA	8643	0	15147847	7800	0	0	0	0	0	0	0	0
NA	NA	18908	NA	4194	0	15151300	4347	0	0	0	0	0	0	0	0
NA	NA	14986	NA	16726	0	15145545	10102	0	0	0	0	0	0	0	0
NA	NA	17932	NA	5223	0	15147788	7859	0	0	0	0	0	0	0	0
NA	NA	12295	NA	6674	0	15143583	12064	0	0	0	0	0	0	0	0
NA	NA	18517	NA	4006	0	15149004	6643	0	0	0	0	0	0	0	0
NA	NA	21528	NA	704	0	15153362	2285	0	0	0	0	0	0	0	0
NA	NA	16516	NA	4572	0	15146371	9276	0	0	0	0	0	0	0	0
NA	NA	15967	NA	9082	0	15147618	8029	0	0	0	0	0	0	0	0
NA	NA	18798	NA	3793	0	15151429	4218	0	0	0	0	0	0	0	0
NA	NA	16189	NA	4483	0	15149138	6509	0	0	0	0	0	0	0	0
NA	NA	19811	NA	2922	0	15151467	4180	0	0	0	0	0	0	0	0
NA	NA	18467	NA	5976	0	15150250	5397	0	0	0	0	0	0	0	0
NA	NA	17715	NA	4047	0	15148626	7021	0	0	0	0	0	0	0	0
NA	NA	19000	NA	3402	0	15150414	5233	0	0	0	0	0	0	0	0
NA	NA	16901	NA	4941	0	15147177	8470	0	0	0	0	0	0	0	0
NA	NA	20640	NA	2689	0	15151998	3649	0	0	0	0	0	0	0	0
NA	NA	18009	NA	6623	0	15149999	5648	0	0	0	0	0	0	0	0
NA	NA	16786	NA	3521	0	15149372	6275	0	0	0	0	0	0	0	0
NA	NA	19189	NA	8287	0	15149753	5894	0	0	0	0	0	0	0	0
NA	NA	22327	NA	653	0	15152540	3107	0	0	0	0	0	0	0	0
NA	NA	12117	NA	4923	0	15142479	13168	0	0	0	0	0	0	0	0
NA	NA	16222	NA	4246	0	15146974	8673	0	0	0	0	0	0	0	0
NA	NA	22337	NA	1999	0	15152919	2728	0	0	0	0	0	0	0	0
NA	NA	13263	NA	20164	0	15144624	11023	0	0	0	0	0	0	0	0
NA	NA	18157	NA	6677	0	15149226	6421	0	0	0	0	0	0	0	0
NA	NA	14389	NA	6411	0	15146651	8996	0	0	0	0	0	0	0	0
NA	NA	13164	NA	12778	0	15142631	13016	0	0	0	0	0	0	0	0
NA	NA	15331	NA	8679	0	15147064	8583	0	0	0	0	0	0	0	0
NA	NA	19564	NA	3390	0	15151819	3828	0	0	0	0	0	0	0	0
NA	NA	19721	NA	1511	0	15152556	3091	0	0	0	0	0	0	0	0
NA	NA	21124	NA	1396	0	15152442	3205	0	0	0	0	0	0	0	0
NA	NA	19004	NA	3448	0	15147925	7722	0	0	0	0	0	0	0	0
NA	NA	21185	NA	2509	0	15154587	1060	0	0	0	0	0	0	0	0
NA	NA	17771	NA	5328	0	15150052	5595	0	0	0	0	0	0	0	0
NA	NA	14884	NA	9015	0	15145898	9749	0	0	0	0	0	0	0	0
NA	NA	15130	NA	12803	0	15147369	8278	0	0	0	0	0	0	0	0
NA	NA	19007	NA	1113	0	15152151	3496	0	0	0	0	0	0	0	0
NA	NA	21314	NA	4096	0	15152959	2688	0	0	0	0	0	0	0	0
NA	NA	18003	NA	2794	0	15149979	5668	0	0	0	0	0	0	0	0
NA	NA	20460	NA	1341	0	15153017	2630	0	0	0	0	0	0	0	0
NA	NA	14086	NA	11430	0	15144946	10701	0	0	0	0	0	0	0	0
NA	NA	13466	NA	9239	0	15142642	13005	0	0	0	0	0	0	0	0
NA	NA	18317	NA	6227	0	15148629	7018	0	0	0	0	0	0	0	0
NA	NA	16430	NA	4039	0	15149667	5980	0	0	0	0	0	0	0	0
NA	NA	20315	NA	2369	0	15150632	5015	0	0	0	0	0	0	0	0
NA	NA	15383	NA	6381	0	15147378	8269	0	0	0	0	0	0	0	0
NA	NA	22595	NA	293	0	15153811	1836	0	0	0	0	0	0	0	0
NA	NA	14885	NA	3130	0	15145219	10428	0	0	0	0	0	0	0	0
NA	NA	17384	NA	3483	0	15147593	8054	0	0	0	0	0	0	0	0
NA	NA	18551	NA	3462	0	15148115	7532	0	0	0	0	0	0	0	0
NA	NA	19403	NA	2464	0	15152558	3089	0	0	0	0	0	0	0	0
NA	NA	16728	NA	5366	0	15149927	5720	0	0	0	0	0	0	0	0
NA	NA	15813	NA	6267	0	15147003	8644	0	0	0	0	0	0	0	0
NA	NA	20792	NA	1039	0	15152723	2924	0	0	0	0	0	0	0	0
NA	NA	17338	NA	4621	0	15145909	9738	0	0	0	0	0	0	0	0
NA	NA	12835	NA	7704	0	15144021	11626	0	0	0	0	0	0	0	0
NA	NA	14533	NA	5004	0	15145747	9900	0	0	0	0	0	0	0	0
NA	NA	18515	NA	6393	0	15150573	5074	0	0	0	0	0	0	0	0
NA	NA	18214	NA	3930	0	15149154	6493	0	0	0	0	0	0	0	0
NA	NA	18668	NA	6706	0	15148903	6744	0	0	0	0	0	0	0	0
NA	NA	16607	NA	6056	0	15148782	6865	0	0	0	0	0	0	0	0
NA	NA	19611	NA	2745	0	15150431	5216	0	0	0	0	0	0	0	0
NA	NA	13373	NA	7082	0	15145466	10181	0	0	0	0	0	0	0	0
NA	NA	19235	NA	5029	0	15151347	4300	0	0	0	0	0	0	0	0
NA	NA	15425	NA	5406	0	15147776	7871	0	0	0	0	0	0	0	0
NA	NA	16041	NA	4966	0	15148434	7213	0	0	0	0	0	0	0	0
NA	NA	21225	NA	750	0	15153349	2298	0	0	0	0	0	0	0	0
NA	NA	16915	NA	6454	0	15147550	8097	0	0	0	0	0	0	0	0
NA	NA	13426	NA	6323	0	15146068	9579	0	0	0	0	0	0	0	0
NA	NA	15468	NA	5813	0	15145197	10450	0	0	0	0	0	0	0	0
NA	NA	18415	NA	2337	0	15150999	4648	0	0	0	0	0	0	0	0
NA	NA	16565	NA	8402	0	15147371	8276	0	0	0	0	0	0	0	0
NA	NA	18118	NA	7869	0	15149395	6252	0	0	0	0	0	0	0	0
NA	NA	13372	NA	9362	0	15145446	10201	0	0	0	0	0	0	0	0
NA	NA	13708	NA	6145	0	15145857	9790	0	0	0	0	0	0	0	0
NA	NA	17049	NA	2737	0	15148675	6972	0	0	0	0	0	0	0	0
NA	NA	15291	NA	8812	0	15147005	8642	0	0	0	0	0	0	0	0
NA	NA	15039	NA	7314	0	15144888	10759	0	0	0	0	0	0	0	0
NA	NA	21088	NA	2313	0	15151749	3898	0	0	0	0	0	0	0	0
NA	NA	16495	NA	4269	0	15148738	6909	0	0	0	0	0	0	0	0
NA	NA	19196	NA	4149	0	15151823	3824	0	0	0	0	0	0	0	0
NA	NA	16547	NA	3874	0	15149044	6603	0	0	0	0	0	0	0	0
NA	NA	18029	NA	2776	0	15150780	4867	0	0	0	0	0	0	0	0
NA	NA	22007	NA	2478	0	15152486	3161	0	0	0	0	0	0	0	0
NA	NA	15750	NA	7656	0	15147810	7837	0	0	0	0	0	0	0	0
NA	NA	18223	NA	2926	0	15150265	5382	0	0	0	0	0	0	0	0
NA	NA	21194	NA	1394	0	15151918	3729	0	0	0	0	0	0	0	0
NA	NA	22578	NA	2438	0	15152555	3092	0	0	0	0	0	0	0	0
NA	NA	12498	NA	4516	0	15144086	11561	0	0	0	0	0	0	0	0
NA	NA	15543	NA	8274	0	15146772	8875	0	0	0	0	0	0	0	0
NA	NA	15176	NA	6721	0	15146491	9156	0	0	0	0	0	0	0	0
NA	NA	15265	NA	4573	0	15147218	8429	0	0	0	0	0	0	0	0
NA	NA	20140	NA	1096	0	15150839	4808	0	0	0	0	0	0	0	0
NA	NA	23088	NA	1943	0	15153874	1773	0	0	0	0	0	0	0	0
NA	NA	17854	NA	4050	0	15149318	6329	0	0	0	0	0	0	0	0
NA	NA	19130	NA	4710	0	15150097	5550	0	0	0	0	0	0	0	0
NA	NA	20379	NA	1410	0	15149202	6445	0	0	0	0	0	0	0	0
NA	NA	16871	NA	7090	0	15147180	8467	0	0	0	0	0	0	0	0
NA	NA	15495	NA	5007	0	15146537	9110	0	0	0	0	0	0	0	0
NA	NA	16792	NA	3047	0	15146727	8920	0	0	0	0	0	0	0	0
NA	NA	14539	NA	3390	0	15145833	9814	0	0	0	0	0	0	0	0
NA	NA	18279	NA	2534	0	15148932	6715	0	0	0	0	0	0	0	0
NA	NA	15945	NA	3947	0	15147027	8620	0	0	0	0	0	0	0	0
NA	NA	12272	NA	8571	0	15142798	12849	0	0	0	0	0	0	0	0
NA	NA	11904	NA	6721	0	15142839	12808	0	0	0	0	0	0	0	0
NA	NA	20209	NA	4891	0	15151801	3846	0	0	0	0	0	0	0	0
NA	NA	10352	NA	7163	0	15141963	13684	0	0	0	0	0	0	0	0
NA	NA	19152	NA	7723	0	15148821	6826	0	0	0	0	0	0	0	0
NA	NA	19340	NA	1554	0	15151844	3803	0	0	0	0	0	0	0	0
NA	NA	13809	NA	6450	0	15146107	9540	0	0	0	0	0	0	0	0
NA	NA	21635	NA	2716	0	15152797	2850	0	0	0	0	0	0	0	0
NA	NA	14115	NA	7034	0	15147095	8552	0	0	0	0	0	0	0	0
NA	NA	15532	NA	5279	0	15147494	8153	0	0	0	0	0	0	0	0
NA	NA	19790	NA	2442	0	15149523	6124	0	0	0	0	0	0	0	0
NA	NA	15659	NA	2935	0	15146611	9036	0	0	0	0	0	0	0	0
NA	NA	18888	NA	3559	0	15150707	4940	0	0	0	0	0	0	0	0
NA	NA	19512	NA	1816	0	15149872	5775	0	0	0	0	0	0	0	0
NA	NA	17865	NA	9271	0	15148638	7009	0	0	0	0	0	0	0	0
NA	NA	12986	NA	10430	0	15143911	11736	0	0	0	0	0	0	0	0
NA	NA	19585	NA	3041	0	15150762	4885	0	0	0	0	0	0	0	0
NA	NA	20899	NA	3497	0	15153717	1930	0	0	0	0	0	0	0	0
NA	NA	16424	NA	9768	0	15147232	8415	0	0	0	0	0	0	0	0
NA	NA	20721	NA	5277	0	15152065	3582	0	0	0	0	0	0	0	0
NA	NA	18185	NA	4713	0	15149301	6346	0	0	0	0	0	0	0	0
NA	NA	21917	NA	3197	0	15153979	1668	0	0	0	0	0	0	0	0
NA	NA	16799	NA	7282	0	15148567	7080	0	0	0	0	0	0	0	0
NA	NA	17564	NA	4255	0	15149732	5915	0	0	0	0	0	0	0	0
NA	NA	10433	NA	6200	0	15141066	14581	0	0	0	0	0	0	0	0
NA	NA	19555	NA	1699	0	15149255	6392	0	0	0	0	0	0	0	0
NA	NA	15945	NA	7291	0	15148978	6669	0	0	0	0	0	0	0	0
NA	NA	15628	NA	3924	0	15146614	9033	0	0	0	0	0	0	0	0
NA	NA	21334	NA	2311	0	15151400	4247	0	0	0	0	0	0	0	0
NA	NA	20715	NA	2210	0	15151757	3890	0	0	0	0	0	0	0	0
NA	NA	16729	NA	4302	0	15148630	7017	0	0	0	0	0	0	0	0
NA	NA	18908	NA	2330	0	15149120	6527	0	0	0	0	0	0	0	0
NA	NA	12975	NA	9679	0	15145168	10479	0	0	0	0	0	0	0	0
NA	NA	16906	NA	1229	0	15146801	8846	0	0	0	0	0	0	0	0
NA	NA	15976	NA	7624	0	15146262	9385	0	0	0	0	0	0	0	0
NA	NA	14995	NA	6180	0	15145862	9785	0	0	0	0	0	0	0	0
NA	NA	17770	NA	2606	0	15150401	5246	0	0	0	0	0	0	0	0
NA	NA	16741	NA	10204	0	15148673	6974	0	0	0	0	0	0	0	0
NA	NA	16645	NA	3086	0	15147108	8539	0	0	0	0	0	0	0	0
NA	NA	23117	NA	1694	0	15154276	1371	0	0	0	0	0	0	0	0
NA	NA	16166	NA	9937	0	15146768	8879	0	0	0	0	0	0	0	0
NA	NA	17047	NA	6508	0	15147883	7764	0	0	0	0	0	0	0	0
NA	NA	14223	NA	4673	0	15146478	9169	0	0	0	0	0	0	0	0
NA	NA	12107	NA	6690	0	15141605	14042	0	0	0	0	0	0	0	0
NA	NA	17222	NA	6295	0	15148572	7075	0	0	0	0	0	0	0	0
NA	NA	19817	NA	3805	0	15151480	4167	0	0	0	0	0	0	0	0
NA	NA	16210	NA	4880	0	15147926	7721	0	0	0	0	0	0	0	0
NA	NA	18312	NA	1857	0	15150763	4884	0	0	0	0	0	0	0	0
NA	NA	16363	NA	8865	0	15146338	9309	0	0	0	0	0	0	0	0
NA	NA	16714	NA	6884	0	15146996	8651	0	0	0	0	0	0	0	0
NA	NA	16114	NA	3725	0	15148642	7005	0	0	0	0	0	0	0	0
NA	NA	19091	NA	3062	0	15149710	5937	0	0	0	0	0	0	0	0
NA	NA	18919	NA	4659	0	15150433	5214	0	0	0	0	0	0	0	0
NA	NA	13428	NA	9168	0	15143881	11766	0	0	0	0	0	0	0	0
NA	NA	16647	NA	7466	0	15148475	7172	0	0	0	0	0	0	0	0
NA	NA	18494	NA	3751	0	15150586	5061	0	0	0	0	0	0	0	0
NA	NA	19816	NA	3753	0	15152052	3595	0	0	0	0	0	0	0	0
NA	NA	17114	NA	6184	0	15148046	7601	0	0	0	0	0	0	0	0
NA	NA	21240	NA	1762	0	15151306	4341	0	0	0	0	0	0	0	0
NA	NA	14985	NA	7408	0	15146490	9157	0	0	0	0	0	0	0	0
NA	NA	15633	NA	7069	0	15148440	7207	0	0	0	0	0	0	0	0
NA	NA	17603	NA	8498	0	15149441	6206	0	0	0	0	0	0	0	0
NA	NA	15086	NA	5670	0	15146652	8995	0	0	0	0	0	0	0	0
NA	NA	20372	NA	1646	0	15150998	4649	0	0	0	0	0	0	0	0
NA	NA	16328	NA	6324	0	15148516	7131	0	0	0	0	0	0	0	0
NA	NA	12818	NA	7381	0	15145461	10186	0	0	0	0	0	0	0	0
NA	NA	17668	NA	3150	0	15149299	6348	0	0	0	0	0	0	0	0
NA	NA	13732	NA	12304	0	15143192	12455	0	0	0	0	0	0	0	0
NA	NA	19389	NA	3456	0	15150077	5570	0	0	0	0	0	0	0	0
NA	NA	13926	NA	6601	0	15145264	10383	0	0	0	0	0	0	0	0
NA	NA	14285	NA	6856	0	15146302	9345	0	0	0	0	0	0	0	0
NA	NA	13230	NA	7018	0	15143564	12083	0	0	0	0	0	0	0	0
NA	NA	17906	NA	3848	0	15150454	5193	0	0	0	0	0	0	0	0
NA	NA	17023	NA	2892	0	15148289	7358	0	0	0	0	0	0	0	0
NA	NA	18135	NA	7431	0	15148618	7029	0	0	0	0	0	0	0	0
NA	NA	16621	NA	5927	0	15149435	6212	0	0	0	0	0	0	0	0
NA	NA	17169	NA	12744	0	15148919	6728	0	0	0	0	0	0	0	0
NA	NA	18977	NA	1914	0	15150323	5324	0	0	0	0	0	0	0	0
NA	NA	17489	NA	5012	0	15147577	8070	0	0	0	0	0	0	0	0
NA	NA	18294	NA	2187	0	15151454	4193	0	0	0	0	0	0	0	0
NA	NA	16297	NA	3444	0	15146458	9189	0	0	0	0	0	0	0	0
NA	NA	19981	NA	3694	0	15151183	4464	0	0	0	0	0	0	0	0
NA	NA	17525	NA	4525	0	15148737	6910	0	0	0	0	0	0	0	0
NA	NA	19921	NA	2957	0	15151751	3896	0	0	0	0	0	0	0	0
NA	NA	18025	NA	2382	0	15150911	4736	0	0	0	0	0	0	0	0
NA	NA	15362	NA	7937	0	15145281	10366	0	0	0	0	0	0	0	0
NA	NA	13685	NA	5831	0	15145677	9970	0	0	0	0	0	0	0	0
NA	NA	20677	NA	2965	0	15150287	5360	0	0	0	0	0	0	0	0
NA	NA	19915	NA	2367	0	15151306	4341	0	0	0	0	0	0	0	0
NA	NA	14447	NA	6635	0	15146710	8937	0	0	0	0	0	0	0	0
NA	NA	18168	NA	3885	0	15149653	5994	0	0	0	0	0	0	0	0
NA	NA	18424	NA	3420	0	15150337	5310	0	0	0	0	0	0	0	0
NA	NA	19253	NA	2872	0	15151047	4600	0	0	0	0	0	0	0	0
NA	NA	18948	NA	3750	0	15151446	4201	0	0	0	0	0	0	0	0
NA	NA	19384	NA	2204	0	15150942	4705	0	0	0	0	0	0	0	0
NA	NA	13534	NA	9425	0	15144987	10660	0	0	0	0	0	0	0	0
NA	NA	14534	NA	8828	0	15145459	10188	0	0	0	0	0	0	0	0
NA	NA	18805	NA	5133	0	15150999	4648	0	0	0	0	0	0	0	0
NA	NA	12815	NA	7461	0	15144485	11162	0	0	0	0	0	0	0	0
NA	NA	19006	NA	2735	0	15151932	3715	0	0	0	0	0	0	0	0
NA	NA	14787	NA	5068	0	15146119	9528	0	0	0	0	0	0	0	0
NA	NA	13996	NA	7234	0	15146260	9387	0	0	0	0	0	0	0	0
NA	NA	14687	NA	5187	0	15144874	10773	0	0	0	0	0	0	0	0
NA	NA	20157	NA	3203	0	15151541	4106	0	0	0	0	0	0	0	0
NA	NA	21118	NA	3430	0	15151590	4057	0	0	0	0	0	0	0	0
NA	NA	17305	NA	1971	0	15148814	6833	0	0	0	0	0	0	0	0
NA	NA	15468	NA	5845	0	15145779	9868	0	0	0	0	0	0	0	0
NA	NA	21027	NA	4803	0	15151259	4388	0	0	0	0	0	0	0	0
NA	NA	19164	NA	2505	0	15149471	6176	0	0	0	0	0	0	0	0
NA	NA	13549	NA	8199	0	15145170	10477	0	0	0	0	0	0	0	0
NA	NA	15489	NA	3753	0	15146423	9224	0	0	0	0	0	0	0	0
NA	NA	20727	NA	2851	0	15152412	3235	0	0	0	0	0	0	0	0
NA	NA	15553	NA	4766	0	15146376	9271	0	0	0	0	0	0	0	0
NA	NA	18180	NA	6207	0	15149130	6517	0	0	0	0	0	0	0	0
NA	NA	20328	NA	978	0	15153215	2432	0	0	0	0	0	0	0	0
NA	NA	15293	NA	5675	0	15145444	10203	0	0	0	0	0	0	0	0
NA	NA	18627	NA	5752	0	15150731	4916	0	0	0	0	0	0	0	0
NA	NA	14935	NA	6566	0	15146445	9202	0	0	0	0	0	0	0	0
NA	NA	19390	NA	6228	0	15151646	4001	0	0	0	0	0	0	0	0
NA	NA	20457	NA	1911	0	15151644	4003	0	0	0	0	0	0	0	0
NA	NA	14012	NA	9299	0	15144939	10708	0	0	0	0	0	0	0	0
NA	NA	17340	NA	4777	0	15150355	5292	0	0	0	0	0	0	0	0
NA	NA	16354	NA	2524	0	15147626	8021	0	0	0	0	0	0	0	0
NA	NA	17798	NA	2611	0	15148361	7286	0	0	0	0	0	0	0	0
NA	NA	19938	NA	4222	0	15151631	4016	0	0	0	0	0	0	0	0
NA	NA	17647	NA	4391	0	15148610	7037	0	0	0	0	0	0	0	0
NA	NA	16171	NA	5244	0	15146588	9059	0	0	0	0	0	0	0	0
NA	NA	15941	NA	5662	0	15148266	7381	0	0	0	0	0	0	0	0
NA	NA	14736	NA	10600	0	15147574	8073	0	0	0	0	0	0	0	0
NA	NA	15415	NA	3468	0	15146897	8750	0	0	0	0	0	0	0	0
NA	NA	18333	NA	5277	0	15149288	6359	0	0	0	0	0	0	0	0
NA	NA	13946	NA	7386	0	15145095	10552	0	0	0	0	0	0	0	0
NA	NA	18718	NA	2398	0	15151035	4612	0	0	0	0	0	0	0	0
NA	NA	15300	NA	3703	0	15146451	9196	0	0	0	0	0	0	0	0
NA	NA	22067	NA	898	0	15154807	840	0	0	0	0	0	0	0	0
NA	NA	16234	NA	3810	0	15148227	7420	0	0	0	0	0	0	0	0
NA	NA	21450	NA	4199	0	15152271	3376	0	0	0	0	0	0	0	0
NA	NA	17794	NA	1447	0	15148641	7006	0	0	0	0	0	0	0	0
NA	NA	16735	NA	5873	0	15148318	7329	0	0	0	0	0	0	0	0
NA	NA	19941	NA	1393	0	15151266	4381	0	0	0	0	0	0	0	0
NA	NA	19047	NA	3420	0	15149685	5962	0	0	0	0	0	0	0	0
NA	NA	19244	NA	2536	0	15149733	5914	0	0	0	0	0	0	0	0
NA	NA	12549	NA	4573	0	15144203	11444	0	0	0	0	0	0	0	0
NA	NA	17509	NA	6772	0	15148771	6876	0	0	0	0	0	0	0	0
NA	NA	15998	NA	8175	0	15147420	8227	0	0	0	0	0	0	0	0
NA	NA	20196	NA	3007	0	15151079	4568	0	0	0	0	0	0	0	0
NA	NA	17264	NA	8851	0	15147984	7663	0	0	0	0	0	0	0	0
NA	NA	15795	NA	6066	0	15148027	7620	0	0	0	0	0	0	0	0
NA	NA	18384	NA	2855	0	15149748	5899	0	0	0	0	0	0	0	0
NA	NA	10959	NA	15645	0	15142949	12698	0	0	0	0	0	0	0	0
NA	NA	16286	NA	4031	0	15146266	9381	0	0	0	0	0	0	0	0
NA	NA	13707	NA	8444	0	15145710	9937	0	0	0	0	0	0	0	0
NA	NA	18281	NA	9828	0	15149235	6412	0	0	0	0	0	0	0	0
NA	NA	15202	NA	5720	0	15145568	10079	0	0	0	0	0	0	0	0
NA	NA	18191	NA	4169	0	15149434	6213	0	0	0	0	0	0	0	0
NA	NA	12578	NA	9429	0	15141723	13924	0	0	0	0	0	0	0	0
NA	NA	17598	NA	9510	0	15148333	7314	0	0	0	0	0	0	0	0
NA	NA	20422	NA	1790	0	15151071	4576	0	0	0	0	0	0	0	0
NA	NA	16300	NA	3306	0	15146664	8983	0	0	0	0	0	0	0	0
NA	NA	22258	NA	1142	0	15153631	2016	0	0	0	0	0	0	0	0
NA	NA	18683	NA	3134	0	15150505	5142	0	0	0	0	0	0	0	0
NA	NA	15065	NA	15176	0	15146588	9059	0	0	0	0	0	0	0	0
NA	NA	21755	NA	3838	0	15153455	2192	0	0	0	0	0	0	0	0
NA	NA	14811	NA	3218	0	15146409	9238	0	0	0	0	0	0	0	0
NA	NA	15725	NA	7461	0	15147856	7791	0	0	0	0	0	0	0	0
NA	NA	20266	NA	1870	0	15149474	6173	0	0	0	0	0	0	0	0
NA	NA	17057	NA	8845	0	15148642	7005	0	0	0	0	0	0	0	0
NA	NA	16470	NA	9292	0	15146017	9630	0	0	0	0	0	0	0	0
NA	NA	14939	NA	3205	0	15147274	8373	0	0	0	0	0	0	0	0
NA	NA	13624	NA	11614	0	15144428	11219	0	0	0	0	0	0	0	0
NA	NA	16936	NA	6911	0	15149810	5837	0	0	0	0	0	0	0	0
NA	NA	18506	NA	7540	0	15147673	7974	0	0	0	0	0	0	0	0
NA	NA	19256	NA	3900	0	15150297	5350	0	0	0	0	0	0	0	0
NA	NA	15151	NA	4803	0	15145582	10065	0	0	0	0	0	0	0	0
NA	NA	16589	NA	6435	0	15148906	6741	0	0	0	0	0	0	0	0
NA	NA	12620	NA	4826	0	15144480	11167	0	0	0	0	0	0	0	0
NA	NA	17551	NA	3551	0	15149910	5737	0	0	0	0	0	0	0	0
NA	NA	15261	NA	10610	0	15146447	9200	0	0	0	0	0	0	0	0
NA	NA	16718	NA	10502	0	15147029	8618	0	0	0	0	0	0	0	0
NA	NA	18273	NA	4225	0	15150947	4700	0	0	0	0	0	0	0	0
NA	NA	16693	NA	4377	0	15146709	8938	0	0	0	0	0	0	0	0
NA	NA	19005	NA	4327	0	15149964	5683	0	0	0	0	0	0	0	0
NA	NA	19563	NA	2216	0	15151407	4240	0	0	0	0	0	0	0	0
NA	NA	18597	NA	4683	0	15149634	6013	0	0	0	0	0	0	0	0
NA	NA	18181	NA	6728	0	15151016	4631	0	0	0	0	0	0	0	0
NA	NA	17444	NA	3535	0	15148951	6696	0	0	0	0	0	0	0	0
NA	NA	15258	NA	4242	0	15145653	9994	0	0	0	0	0	0	0	0
NA	NA	16323	NA	5497	0	15148545	7102	0	0	0	0	0	0	0	0
NA	NA	15495	NA	3245	0	15147193	8454	0	0	0	0	0	0	0	0
NA	NA	21952	NA	3906	0	15153912	1735	0	0	0	0	0	0	0	0
NA	NA	16249	NA	9931	0	15148282	7365	0	0	0	0	0	0	0	0
NA	NA	17337	NA	5864	0	15148889	6758	0	0	0	0	0	0	0	0
NA	NA	9724	NA	13665	0	15140327	15320	0	0	0	0	0	0	0	0
NA	NA	16780	NA	6110	0	15149629	6018	0	0	0	0	0	0	0	0
NA	NA	15943	NA	5926	0	15145358	10289	0	0	0	0	0	0	0	0
NA	NA	17333	NA	8047	0	15147558	8089	0	0	0	0	0	0	0	0
NA	NA	21938	NA	1444	0	15154495	1152	0	0	0	0	0	0	0	0
NA	NA	20518	NA	869	0	15151955	3692	0	0	0	0	0	0	0	0
NA	NA	21911	NA	2546	0	15152262	3385	0	0	0	0	0	0	0	0
NA	NA	16928	NA	9998	0	15148307	7340	0	0	0	0	0	0	0	0
NA	NA	19965	NA	3281	0	15150644	5003	0	0	0	0	0	0	0	0
NA	NA	17404	NA	6682	0	15148853	6794	0	0	0	0	0	0	0	0
NA	NA	17036	NA	3361	0	15147442	8205	0	0	0	0	0	0	0	0
NA	NA	19111	NA	3782	0	15148663	6984	0	0	0	0	0	0	0	0
NA	NA	17389	NA	4754	0	15148035	7612	0	0	0	0	0	0	0	0
NA	NA	22071	NA	2440	0	15152763	2884	0	0	0	0	0	0	0	0
NA	NA	14211	NA	6235	0	15147077	8570	0	0	0	0	0	0	0	0
NA	NA	14915	NA	9353	0	15145447	10200	0	0	0	0	0	0	0	0
NA	NA	15144	NA	5706	0	15147804	7843	0	0	0	0	0	0	0	0
NA	NA	14810	NA	8872	0	15145483	10164	0	0	0	0	0	0	0	0
NA	NA	15286	NA	7775	0	15147483	8164	0	0	0	0	0	0	0	0
NA	NA	16095	NA	7501	0	15146789	8858	0	0	0	0	0	0	0	0
NA	NA	17435	NA	6495	0	15148458	7189	0	0	0	0	0	0	0	0
NA	NA	18159	NA	2660	0	15150206	5441	0	0	0	0	0	0	0	0
NA	NA	11182	NA	7805	0	15142279	13368	0	0	0	0	0	0	0	0
NA	NA	20186	NA	2636	0	15152039	3608	0	0	0	0	0	0	0	0
NA	NA	20373	NA	1675	0	15151822	3825	0	0	0	0	0	0	0	0
NA	NA	14125	NA	5634	0	15144993	10654	0	0	0	0	0	0	0	0
NA	NA	17864	NA	3866	0	15149857	5790	0	0	0	0	0	0	0	0
NA	NA	15182	NA	7778	0	15147089	8558	0	0	0	0	0	0	0	0
NA	NA	13371	NA	6887	0	15145136	10511	0	0	0	0	0	0	0	0
NA	NA	16502	NA	6731	0	15148808	6839	0	0	0	0	0	0	0	0
NA	NA	17773	NA	4905	0	15149182	6465	0	0	0	0	0	0	0	0
NA	NA	17371	NA	3832	0	15148316	7331	0	0	0	0	0	0	0	0
NA	NA	12411	NA	10266	0	15143364	12283	0	0	0	0	0	0	0	0
NA	NA	11427	NA	11049	0	15142083	13564	0	0	0	0	0	0	0	0
NA	NA	21084	NA	2235	0	15151065	4582	0	0	0	0	0	0	0	0
NA	NA	15364	NA	4589	0	15147244	8403	0	0	0	0	0	0	0	0
NA	NA	18432	NA	4209	0	15149362	6285	0	0	0	0	0	0	0	0
NA	NA	14863	NA	4590	0	15146370	9277	0	0	0	0	0	0	0	0
NA	NA	17821	NA	4877	0	15150504	5143	0	0	0	0	0	0	0	0
NA	NA	18357	NA	4245	0	15149578	6069	0	0	0	0	0	0	0	0
NA	NA	20232	NA	2534	0	15151160	4487	0	0	0	0	0	0	0	0
NA	NA	16105	NA	5235	0	15147791	7856	0	0	0	0	0	0	0	0
NA	NA	19034	NA	2077	0	15149838	5809	0	0	0	0	0	0	0	0
NA	NA	18483	NA	4105	0	15149486	6161	0	0	0	0	0	0	0	0
NA	NA	15709	NA	7600	0	15148782	6865	0	0	0	0	0	0	0	0
NA	NA	18676	NA	4195	0	15150670	4977	0	0	0	0	0	0	0	0
NA	NA	15697	NA	7792	0	15147580	8067	0	0	0	0	0	0	0	0
NA	NA	17514	NA	5671	0	15148854	6793	0	0	0	0	0	0	0	0
NA	NA	18333	NA	4865	0	15147988	7659	0	0	0	0	0	0	0	0
NA	NA	14444	NA	6639	0	15146060	9587	0	0	0	0	0	0	0	0
NA	NA	16300	NA	3578	0	15148075	7572	0	0	0	0	0	0	0	0
NA	NA	18918	NA	6251	0	15149796	5851	0	0	0	0	0	0	0	0
NA	NA	16556	NA	4655	0	15147578	8069	0	0	0	0	0	0	0	0
NA	NA	17653	NA	4615	0	15148646	7001	0	0	0	0	0	0	0	0
NA	NA	15673	NA	7680	0	15147449	8198	0	0	0	0	0	0	0	0
NA	NA	19545	NA	5938	0	15150602	5045	0	0	0	0	0	0	0	0
NA	NA	23563	NA	497	0	15153355	2292	0	0	0	0	0	0	0	0
NA	NA	17545	NA	3652	0	15148451	7196	0	0	0	0	0	0	0	0
NA	NA	17282	NA	3459	0	15149737	5910	0	0	0	0	0	0	0	0
NA	NA	17551	NA	14782	0	15147382	8265	0	0	0	0	0	0	0	0
NA	NA	16394	NA	4199	0	15145934	9713	0	0	0	0	0	0	0	0
NA	NA	16736	NA	10291	0	15148678	6969	0	0	0	0	0	0	0	0
NA	NA	20499	NA	762	0	15151929	3718	0	0	0	0	0	0	0	0
NA	NA	19643	NA	7482	0	15152587	3060	0	0	0	0	0	0	0	0
NA	NA	16531	NA	7980	0	15146396	9251	0	0	0	0	0	0	0	0
NA	NA	22874	NA	2195	0	15153429	2218	0	0	0	0	0	0	0	0
NA	NA	17848	NA	2453	0	15149017	6630	0	0	0	0	0	0	0	0
NA	NA	18666	NA	1470	0	15149806	5841	0	0	0	0	0	0	0	0
NA	NA	16459	NA	3519	0	15147312	8335	0	0	0	0	0	0	0	0
NA	NA	19336	NA	2947	0	15152143	3504	0	0	0	0	0	0	0	0
NA	NA	20140	NA	673	0	15153192	2455	0	0	0	0	0	0	0	0
NA	NA	17762	NA	3366	0	15150077	5570	0	0	0	0	0	0	0	0
NA	NA	20412	NA	5353	0	15152676	2971	0	0	0	0	0	0	0	0
NA	NA	19926	NA	4758	0	15152862	2785	0	0	0	0	0	0	0	0
NA	NA	15487	NA	6004	0	15148226	7421	0	0	0	0	0	0	0	0
NA	NA	16450	NA	9361	0	15147380	8267	0	0	0	0	0	0	0	0
NA	NA	14268	NA	6792	0	15145256	10391	0	0	0	0	0	0	0	0
NA	NA	16303	NA	11830	0	15147133	8514	0	0	0	0	0	0	0	0
NA	NA	14745	NA	3318	0	15146837	8810	0	0	0	0	0	0	0	0
NA	NA	18714	NA	10199	0	15148768	6879	0	0	0	0	0	0	0	0
NA	NA	16709	NA	6290	0	15146472	9175	0	0	0	0	0	0	0	0
NA	NA	15563	NA	4916	0	15147830	7817	0	0	0	0	0	0	0	0
NA	NA	15959	NA	4106	0	15147274	8373	0	0	0	0	0	0	0	0
NA	NA	18120	NA	3650	0	15148841	6806	0	0	0	0	0	0	0	0
NA	NA	18707	NA	4059	0	15149543	6104	0	0	0	0	0	0	0	0
NA	NA	14944	NA	6773	0	15145874	9773	0	0	0	0	0	0	0	0
NA	NA	20241	NA	1886	0	15150085	5562	0	0	0	0	0	0	0	0
NA	NA	20401	NA	2525	0	15151823	3824	0	0	0	0	0	0	0	0
NA	NA	14118	NA	3594	0	15145939	9708	0	0	0	0	0	0	0	0
NA	NA	20211	NA	3902	0	15150675	4972	0	0	0	0	0	0	0	0
NA	NA	15375	NA	5196	0	15148203	7444	0	0	0	0	0	0	0	0
NA	NA	20393	NA	2828	0	15151433	4214	0	0	0	0	0	0	0	0
NA	NA	19209	NA	7533	0	15149928	5719	0	0	0	0	0	0	0	0
NA	NA	17974	NA	6312	0	15149183	6464	0	0	0	0	0	0	0	0
NA	NA	19353	NA	1882	0	15150949	4698	0	0	0	0	0	0	0	0
NA	NA	15839	NA	3100	0	15147750	7897	0	0	0	0	0	0	0	0
NA	NA	17726	NA	4408	0	15145568	10079	0	0	0	0	0	0	0	0
NA	NA	16291	NA	6371	0	15147355	8292	0	0	0	0	0	0	0	0
NA	NA	15174	NA	5203	0	15145783	9864	0	0	0	0	0	0	0	0
NA	NA	16429	NA	4572	0	15147937	7710	0	0	0	0	0	0	0	0
NA	NA	13377	NA	12075	0	15145922	9725	0	0	0	0	0	0	0	0
NA	NA	16229	NA	2314	0	15148439	7208	0	0	0	0	0	0	0	0
NA	NA	19153	NA	2349	0	15151024	4623	0	0	0	0	0	0	0	0
NA	NA	16569	NA	11019	0	15147472	8175	0	0	0	0	0	0	0	0
NA	NA	14543	NA	9156	0	15146500	9147	0	0	0	0	0	0	0	0
NA	NA	16514	NA	4231	0	15148554	7093	0	0	0	0	0	0	0	0
NA	NA	13719	NA	5593	0	15144821	10826	0	0	0	0	0	0	0	0
NA	NA	21343	NA	3320	0	15153720	1927	0	0	0	0	0	0	0	0
NA	NA	16751	NA	5717	0	15147794	7853	0	0	0	0	0	0	0	0
NA	NA	20390	NA	1754	0	15152877	2770	0	0	0	0	0	0	0	0
NA	NA	18516	NA	6710	0	15148812	6835	0	0	0	0	0	0	0	0
NA	NA	15681	NA	5377	0	15146744	8903	0	0	0	0	0	0	0	0
NA	NA	17521	NA	7273	0	15148515	7132	0	0	0	0	0	0	0	0
NA	NA	15536	NA	8131	0	15147137	8510	0	0	0	0	0	0	0	0
NA	NA	21035	NA	1752	0	15151578	4069	0	0	0	0	0	0	0	0
NA	NA	16858	NA	3578	0	15147534	8113	0	0	0	0	0	0	0	0
NA	NA	19873	NA	3391	0	15151183	4464	0	0	0	0	0	0	0	0
NA	NA	14324	NA	4000	0	15146384	9263	0	0	0	0	0	0	0	0
NA	NA	16780	NA	2313	0	15146966	8681	0	0	0	0	0	0	0	0
NA	NA	20169	NA	2637	0	15150982	4665	0	0	0	0	0	0	0	0
NA	NA	21988	NA	2394	0	15154210	1437	0	0	0	0	0	0	0	0
NA	NA	14257	NA	6358	0	15146588	9059	0	0	0	0	0	0	0	0
NA	NA	15379	NA	6973	0	15147085	8562	0	0	0	0	0	0	0	0
NA	NA	17700	NA	2892	0	15150048	5599	0	0	0	0	0	0	0	0
NA	NA	15471	NA	6134	0	15144914	10733	0	0	0	0	0	0	0	0
NA	NA	16530	NA	2902	0	15148504	7143	0	0	0	0	0	0	0	0
NA	NA	13638	NA	7842	0	15143592	12055	0	0	0	0	0	0	0	0
NA	NA	9266	NA	11007	0	15140403	15244	0	0	0	0	0	0	0	0
NA	NA	18104	NA	4545	0	15149513	6134	0	0	0	0	0	0	0	0
NA	NA	14604	NA	7054	0	15147498	8149	0	0	0	0	0	0	0	0
NA	NA	13465	NA	9562	0	15147184	8463	0	0	0	0	0	0	0	0
NA	NA	21006	NA	5124	0	15152463	3184	0	0	0	0	0	0	0	0
NA	NA	12818	NA	5570	0	15144016	11631	0	0	0	0	0	0	0	0
NA	NA	15035	NA	3912	0	15146368	9279	0	0	0	0	0	0	0	0
NA	NA	18471	NA	4989	0	15149818	5829	0	0	0	0	0	0	0	0
NA	NA	17862	NA	1901	0	15149966	5681	0	0	0	0	0	0	0	0
NA	NA	20074	NA	2727	0	15150869	4778	0	0	0	0	0	0	0	0
NA	NA	14450	NA	6757	0	15147461	8186	0	0	0	0	0	0	0	0
NA	NA	18706	NA	5056	0	15150893	4754	0	0	0	0	0	0	0	0
NA	NA	18383	NA	2804	0	15149652	5995	0	0	0	0	0	0	0	0
NA	NA	21931	NA	1624	0	15153936	1711	0	0	0	0	0	0	0	0
NA	NA	15182	NA	9355	0	15146769	8878	0	0	0	0	0	0	0	0
NA	NA	17514	NA	10756	0	15147554	8093	0	0	0	0	0	0	0	0
NA	NA	17078	NA	2583	0	15149014	6633	0	0	0	0	0	0	0	0
NA	NA	16110	NA	4261	0	15146519	9128	0	0	0	0	0	0	0	0
NA	NA	19501	NA	2874	0	15150066	5581	0	0	0	0	0	0	0	0
NA	NA	17665	NA	3201	0	15149017	6630	0	0	0	0	0	0	0	0
